1630956890,28,0
1630957083,31,0
1630957344,29,2
1630957637,28,2
1630958314,19,1
1630958506,22,1
1630958696,24,0
1630958805,24,0,1035
1630958985,20,0,1013
1630959176,15,0,984
1630959325,13,1,982
1630959515,11,0,975
1630959705,10,0,967
1630959895,10,1,961
1630960085,10,1,952
1630960275,5,0,930
1630960465,5,0,916
1630960655,6,2,898
1630960845,5,1,889
1630961034,5,2,875
1630961224,6,2,855
1630961414,6,2,850
1630961604,6,1,837
1630961794,6,2,826
1630961998,7,3,812
1630962393,9,3,808
1630962584,10,2,795
1630962774,10,2,769
1630962964,10,2,765
1630963154,9,3,749
1630963343,11,3,743
1630963533,11,3,746
1630963723,10,2,732
1630963913,9,2,718
1630964103,13,3,725
1630964293,10,5,727
1630964483,9,3,715
1630964672,11,2,716
1630964862,10,1,701
1630965052,10,1,698
1630965242,10,0,700
1630965432,6,0,706
1630998033,2,1,328
1630998223,3,1,329
1630998412,2,1,337
1630998602,2,1,338
1630998791,2,1,341
1630998981,2,1,341
1630999170,2,1,341
1630999360,3,2,349
1630999551,3,2,347
1630999740,3,1,342
1630999930,4,1,341
1631000119,5,1,356
1631000309,5,1,367
1631000498,5,1,359
1631000687,3,1,358
1631000877,2,1,359
1631001066,2,1,361
1631001256,3,1,362
1631001445,3,1,364
1631001634,3,1,366
1631001824,3,1,375
1631002013,2,1,378
1631002203,2,1,380
1631002393,4,2,386
1631002583,5,2,389
1631002773,4,2,393
1631002962,4,2,396
1631003152,5,2,411
1631003342,5,2,416
1631003531,6,2,414
1631003721,6,2,416
1631003910,7,2,418
1631004100,7,1,417
1631004289,6,1,418
1631004479,5,1,426
1631004668,4,1,432
1631004858,3,1,437
1631005047,3,1,447
1631005237,2,1,449
1631005426,3,1,444
1631005616,3,1,452
1631005805,6,2,460
1631005995,6,2,463
1631006184,6,2,469
1631006374,4,2,471
1631006563,5,2,476
1631006753,3,2,483
1631006942,3,2,497
1631007132,3,2,511
1631007321,3,2,510
1631007511,2,2,510
1631007700,2,2,510
1631007890,5,1,517
1631008079,5,1,506
1631008269,4,1,504
1631008458,3,1,504
1631008648,3,1,505
1631008838,3,1,509
1631009027,3,1,512
1631009216,2,1,523
1631009406,3,1,528
1631009595,3,0,531
1631009785,4,1,530
1631009974,4,1,528
1631010164,2,1,527
1631010353,1,1,522
1631010546,2,2,526
1631010736,2,1,516
1631010925,4,1,519
1631011115,4,1,518
1631011305,2,1,527
1631011495,2,1,533
1631011685,4,1,536
1631011875,4,1,534
1631012064,4,0,533
1631012254,4,0,525
1631012444,4,0,529
1631012634,4,0,545
1631012824,4,0,552
1631013014,5,0,554
1631013204,3,0,559
1631013393,3,1,555
1631013583,3,1,550
1631013773,4,1,561
1631013963,4,1,569
1631014153,5,0,569
1631014343,6,0,568
1631014533,3,0,562
1631014722,2,0,560
1631014912,3,0,558
1631015102,4,1,561
1631015292,5,1,561
1631015482,6,1,567
1631015673,5,1,566
1631015863,5,1,568
1631016052,3,1,572
1631016242,2,1,579
1631016432,4,2,587
1631016622,5,1,588
1631016812,6,2,603
1631017002,9,2,597
1631017192,8,3,601
1631017382,8,3,613
1631017571,7,3,615
1631017761,6,2,602
1631017951,3,1,615
1631018141,3,1,619
1631018331,4,2,629
1631018521,4,2,628
1631018713,4,2,627
1631018903,4,2,629
1631019093,5,2,631
1631019283,6,3,640
1631019473,5,2,646
1631019663,5,1,651
1631019853,8,2,647
1631020043,9,2,648
1631020233,10,1,659
1631020423,8,1,670
1631020613,7,1,672
1631020803,6,1,674
1631020993,6,2,681
1631021183,7,3,675
1631021373,7,2,678
1631021563,7,2,691
1631021753,7,2,696
1631021943,7,2,696
1631022133,7,1,690
1631022323,6,1,697
1631022513,5,1,699
1631022703,7,1,705
1631022893,5,1,707
1631023083,6,2,706
1631023273,5,2,716
1631023463,5,2,713
1631023653,4,2,708
1631023843,5,1,711
1631024033,6,1,711
1631024223,5,0,708
1631024418,4,0,709
1631024608,7,0,716
1631024798,6,0,710
1631024988,6,0,707
1631025178,4,0,699
1631025368,3,0,705
1631025558,3,0,702
1631025748,3,0,694
1631025938,4,0,692
1631026129,4,0,700
1631026319,3,0,696
1631026509,2,0,700
1631026699,1,0,708
1631026889,5,1,699
1631027079,5,1,706
1631027269,7,1,709
1631027459,6,1,721
1631027648,6,1,724
1631027838,6,1,720
1631028028,6,1,719
1631028218,5,1,723
1631028408,5,0,721
1631028598,5,1,720
1631028788,5,2,726
1631028978,4,2,728
1631029167,5,2,725
1631029357,6,2,736
1631029547,5,2,736
1631029737,4,1,721
1631029927,6,2,724
1631030117,6,2,733
1631030307,6,2,744
1631030497,6,2,743
1631030686,7,2,727
1631030876,7,1,727
1631031066,6,1,732
1631031256,7,1,732
1631031446,5,1,731
1631031636,5,0,715
1631031826,7,1,730
1631032016,9,1,737
1631032206,7,1,740
1631032396,7,1,742
1631032586,8,0,741
1631032776,7,0,746
1631032965,5,0,743
1631033155,6,0,747
1631033345,5,0,745
1631033535,4,1,745
1631033725,6,1,740
1631033915,6,1,738
1631034105,5,1,735
1631034295,3,1,737
1631034485,2,1,739
1631034674,2,1,751
1631034864,3,0,765
1631035054,3,0,758
1631035244,3,0,767
1631035434,3,0,764
1631035624,2,0,778
1631035814,2,0,778
1631036004,2,0,778
1631036199,0,0,785
1631036389,0,0,785
1631036578,0,0,801
1631036768,1,0,810
1631036958,2,1,817
1631037148,5,2,835
1631037338,4,2,841
1631037528,4,2,838
1631037717,4,2,846
1631037907,6,2,855
1631038097,6,2,863
1631038287,4,1,879
1631038477,5,1,896
1631038667,5,1,905
1631038857,4,1,915
1631039046,4,1,925
1631039236,3,1,925
1631039426,3,1,927
1631039616,3,0,926
1631039806,4,0,927
1631039996,6,0,936
1631040186,6,0,927
1631040375,9,2,939
1631040565,9,1,953
1631040755,10,2,954
1631040945,7,2,973
1631041135,7,2,984
1631041325,6,1,985
1631041515,6,1,997
1631041705,7,1,982
1631041895,7,2,977
1631042085,8,3,987
1631042275,11,3,987
1631042465,13,2,981
1631042655,13,3,972
1631042847,14,3,961
1631043037,16,2,938
1631043227,15,2,925
1631043416,15,2,918
1631043606,14,2,891
1631043796,13,2,884
1631043986,16,2,869
1631044176,19,1,857
1631044366,18,1,860
1631044556,16,1,863
1631044746,16,1,854
1631044936,11,1,833
1631045126,11,1,818
1631045316,12,1,803
1631045506,11,1,792
1631045696,10,2,785
1631045885,9,2,788
1631046075,11,2,780
1631046265,8,1,776
1631046455,7,1,769
1631046645,4,1,757
1631046835,4,1,748
1631047024,3,1,750
1631047214,2,1,740
1631047404,3,1,726
1631047594,3,1,705
1631047784,4,1,687
1631047974,6,1,683
1631048164,6,1,682
1631048353,4,2,677
1631048543,7,0,669
1631048733,6,0,673
1631048923,8,0,670
1631049113,9,0,662
1631049303,9,0,654
1631049493,7,0,644
1631049683,7,0,639
1631049873,7,1,634
1631050063,6,0,622
1631050253,5,0,619
1631050443,4,0,597
1631050633,2,0,574
1631050822,2,0,578
1631051013,2,0,574
1631051203,2,0,558
1631051393,2,0,542
1631051582,3,0,537
1631051772,6,0,535
1631051962,5,0,519
1631084565,2,0,263
1631084754,0,0,268
1631084944,0,0,270
1631085134,0,0,276
1631085324,0,0,277
1631085514,3,2,280
1631085704,4,2,279
1631085894,4,2,280
1631086083,6,3,282
1631086273,7,3,281
1631086463,8,5,288
1631086653,8,4,292
1631086843,8,3,297
1631087033,7,2,297
1631087223,6,1,300
1631087412,6,1,304
1631087602,5,0,314
1631087793,5,0,315
1631087982,5,1,315
1631088172,4,1,320
1631088362,2,1,324
1631088552,2,1,328
1631088742,2,1,336
1631088932,2,1,330
1631089122,3,1,334
1631089311,2,1,338
1631089502,2,1,342
1631089692,2,1,346
1631089882,2,1,355
1631090072,2,1,362
1631090262,2,1,359
1631090451,2,1,358
1631090642,2,1,368
1631090832,1,0,364
1631091022,1,0,369
1631091212,3,0,371
1631091402,2,0,373
1631091592,3,0,369
1631091782,3,0,375
1631091972,2,0,391
1631092162,4,0,394
1631092352,5,0,396
1631092542,4,0,389
1631092732,4,0,387
1631092922,3,0,389
1631093112,2,0,396
1631093302,1,0,396
1631093492,2,0,398
1631093682,2,0,392
1631093872,3,0,391
1631094062,5,0,394
1631094252,5,0,401
1631094442,5,0,408
1631094632,5,0,411
1631094822,6,0,416
1631095012,4,0,419
1631095202,3,0,418
1631095392,2,0,429
1631095582,2,0,432
1631095773,2,0,433
1631095962,2,0,428
1631096152,2,0,429
1631096342,5,0,427
1631096532,7,1,430
1631096722,7,1,437
1631096912,8,0,443
1631097102,6,0,441
1631097292,5,0,438
1631097482,4,0,438
1631097672,5,1,430
1631097862,3,0,432
1631098052,4,0,435
1631098242,4,0,439
1631098432,5,0,438
1631098622,7,2,451
1631098812,7,3,449
1631099002,9,4,451
1631099193,9,4,455
1631099382,8,4,464
1631099572,6,4,463
1631099763,7,4,462
1631099952,6,3,458
1631100142,7,3,460
1631100333,8,4,455
1631100523,10,2,451
1631100712,8,2,459
1631100902,7,1,468
1631101092,6,1,478
1631101282,8,2,482
1631101472,5,2,481
1631101662,4,1,487
1631101852,3,1,483
1631102042,3,1,487
1631102232,2,1,498
1631102422,4,1,499
1631102612,4,1,497
1631102802,4,1,507
1631102992,5,2,515
1631103182,6,2,512
1631103372,6,2,509
1631103561,6,3,500
1631103752,7,4,508
1631103942,8,4,507
1631104131,7,5,516
1631104322,8,4,523
1631104512,7,4,538
1631104702,8,4,543
1631104892,8,4,547
1631105082,7,3,546
1631105272,9,3,561
1631105462,9,3,561
1631105652,10,3,560
1631105842,10,3,562
1631106032,12,3,563
1631106222,10,3,570
1631106412,8,3,579
1631106603,10,4,582
1631106792,10,4,587
1631106982,11,3,592
1631107173,9,3,592
1631107363,8,2,590
1631107552,7,1,589
1631107742,9,2,596
1631107932,5,0,585
1631108122,6,0,592
1631108312,6,0,589
1631108502,6,2,596
1631108692,4,2,606
1631108882,4,2,624
1631109072,5,3,635
1631109262,5,3,626
1631109452,6,4,622
1631109642,7,5,622
1631109832,9,6,620
1631110023,9,6,607
1631110213,9,5,604
1631110403,9,4,604
1631110593,9,5,613
1631110783,9,5,602
1631110974,8,3,598
1631111163,7,3,598
1631111353,6,2,599
1631111543,9,0,607
1631111733,8,0,612
1631111923,8,0,622
1631112113,7,0,622
1631112303,7,0,626
1631112492,6,0,624
1631112682,7,0,622
1631112873,8,0,624
1631113063,6,0,632
1631113254,9,2,639
1631113445,8,2,650
1631113635,8,2,654
1631113825,12,3,661
1631114015,10,3,673
1631114205,9,2,680
1631114394,9,2,679
1631114584,9,2,677
1631114774,11,2,668
1631114964,10,2,668
1631115154,12,2,665
1631115344,12,3,669
1631115534,14,2,671
1631115724,13,1,670
1631115914,13,1,672
1631116104,12,1,669
1631116294,9,1,678
1631116484,5,0,684
1631116674,4,0,683
1631116864,1,1,674
1631117053,3,2,671
1631117243,3,2,672
1631117434,3,2,675
1631117624,4,2,669
1631117813,6,3,670
1631118004,7,2,678
1631118194,7,2,681
1631118384,8,2,678
1631118574,7,2,682
1631118764,6,1,687
1631118954,5,1,700
1631119145,5,1,705
1631119335,6,1,698
1631119524,6,2,710
1631119714,8,2,709
1631119904,8,2,714
1631120094,9,2,722
1631120284,9,2,726
1631120474,9,2,736
1631120664,10,2,749
1631120854,11,2,753
1631121044,10,1,761
1631121234,11,1,773
1631121424,12,1,790
1631121613,11,1,798
1631121803,10,0,815
1631121994,11,0,814
1631122184,10,0,820
1631122373,10,1,832
1631122564,12,1,834
1631122754,13,1,836
1631122944,12,1,841
1631123134,14,1,864
1631123324,11,1,861
1631123514,12,1,873
1631123704,11,0,862
1631123894,11,0,868
1631124084,12,0,869
1631124274,10,0,881
1631124464,16,1,888
1631124654,14,1,896
1631124844,16,2,898
1631125034,15,2,907
1631125224,15,1,911
1631125414,15,1,911
1631125604,14,1,928
1631125794,13,1,922
1631125984,15,1,939
1631126174,15,1,934
1631126363,12,0,939
1631126554,12,0,939
1631126744,13,0,944
1631126934,14,1,950
1631127124,16,1,950
1631127314,16,2,959
1631127504,14,2,960
1631127694,13,2,957
1631127884,13,2,951
1631128074,13,2,958
1631128264,10,2,956
1631128454,10,1,952
1631128644,13,1,948
1631128834,12,1,942
1631129024,15,1,939
1631129214,10,0,924
1631129404,10,1,922
1631129594,8,0,926
1631129784,6,0,917
1631129974,6,0,920
1631130164,5,0,921
1631130354,4,0,908
1631130544,4,0,903
1631130734,3,0,895
1631130924,4,0,895
1631131114,3,0,886
1631131304,4,0,871
1631131494,4,0,857
1631131684,4,0,837
1631131874,4,0,836
1631132064,3,0,809
1631132254,3,0,801
1631132444,2,0,787
1631132634,1,0,782
1631132824,1,0,770
1631133013,0,0,748
1631133203,0,0,730
1631133394,0,0,705
1631133584,1,0,703
1631133774,3,0,681
1631133964,4,0,665
1631134153,3,0,641
1631134343,4,1,626
1631134534,3,1,626
1631134723,3,1,614
1631134913,2,0,590
1631135103,1,0,590
1631135293,1,0,585
1631135483,2,1,588
1631135674,2,1,580
1631135863,2,0,580
1631136053,2,0,571
1631136243,2,0,569
1631136433,1,0,568
1631136623,1,0,561
1631136818,0,0,557
1631137007,1,0,545
1631137197,1,0,544
1631137387,1,0,543
1631137577,0,0,540
1631137767,0,0,539
1631137956,0,0,543
1631138146,0,0,546
1631138336,0,0,543
1631170940,1,0,302
1631171129,0,0,296
1631171319,0,0,304
1631171509,1,0,306
1631171699,1,0,315
1631171889,1,0,312
1631172078,1,0,316
1631172268,1,0,326
1631172458,1,0,322
1631172647,2,0,328
1631172837,1,0,330
1631173027,2,0,333
1631173217,5,2,338
1631173406,5,2,345
1631173596,6,2,351
1631173786,4,2,358
1631173976,4,2,364
1631174166,2,2,372
1631174355,2,2,369
1631174545,2,2,371
1631174735,3,2,372
1631174925,3,2,373
1631175115,3,2,381
1631175305,4,2,389
1631175494,4,2,398
1631175684,3,2,397
1631175875,2,2,401
1631176064,2,2,402
1631176254,2,2,398
1631176444,2,2,398
1631176634,2,2,395
1631176823,2,2,398
1631177014,4,2,398
1631177203,5,0,403
1631177393,5,0,407
1631177583,7,0,416
1631177773,6,0,422
1631177962,6,0,426
1631178153,7,0,425
1631178343,6,0,424
1631178532,5,0,427
1631178722,7,1,433
1631178912,7,1,428
1631179101,6,1,443
1631179292,7,1,442
1631179482,6,1,445
1631179672,6,1,440
1631179862,6,2,437
1631180051,8,3,436
1631180241,8,2,439
1631180431,8,1,436
1631180621,4,1,440
1631180811,2,1,436
1631181001,5,1,442
1631181191,4,1,445
1631181381,2,1,445
1631181571,3,0,445
1631181760,2,0,444
1631181950,4,0,459
1631182140,3,0,464
1631182330,5,0,463
1631182520,5,0,467
1631182709,5,0,471
1631182899,4,0,474
1631183089,5,0,476
1631183279,5,0,480
1631183468,5,0,483
1631183658,3,0,489
1631183848,4,1,496
1631184038,4,1,490
1631184228,5,1,495
1631184418,4,0,495
1631184607,4,0,495
1631184797,4,0,507
1631184987,4,0,504
1631185177,2,0,504
1631185367,2,0,501
1631185557,3,0,505
1631185747,4,1,509
1631185936,4,1,497
1631186126,5,2,502
1631186316,6,3,505
1631186506,7,3,498
1631186696,7,3,496
1631186886,7,3,499
1631187075,7,2,500
1631187265,7,2,499
1631187455,6,1,509
1631187645,5,1,507
1631187835,4,1,520
1631188025,4,1,520
1631188215,4,2,519
1631188405,2,0,515
1631188595,3,0,522
1631188785,4,0,520
1631188975,6,0,525
1631189165,6,0,528
1631189354,6,0,533
1631189544,4,0,542
1631189734,5,1,537
1631189924,4,1,543
1631190114,5,1,541
1631190304,4,1,543
1631190494,6,1,545
1631190683,5,1,543
1631190874,6,1,539
1631191064,6,1,544
1631191254,6,1,545
1631191443,6,1,543
1631191633,6,0,550
1631191823,7,0,548
1631192014,6,0,558
1631192203,5,1,555
1631192393,7,1,560
1631192583,8,1,562
1631192773,10,2,571
1631192963,9,2,574
1631193154,8,2,573
1631193344,7,2,574
1631193534,11,3,581
1631193724,11,3,567
1631193914,12,5,583
1631194103,12,4,581
1631194294,10,3,588
1631194484,8,3,593
1631194673,9,3,596
1631194863,9,0,602
1631195053,10,0,602
1631195243,10,2,615
1631195434,10,3,626
1631195624,9,2,624
1631195813,9,2,632
1631196003,4,2,635
1631196193,5,1,636
1631196383,5,1,644
1631196573,4,1,646
1631196763,5,0,656
1631196953,6,0,658
1631197143,6,0,654
1631197333,7,0,656
1631197523,6,0,671
1631197713,7,0,675
1631197903,8,0,678
1631198093,8,1,690
1631198283,9,1,708
1631198472,8,1,699
1631198662,7,1,690
1631198853,7,1,684
1631199042,7,1,686
1631199232,8,1,699
1631199422,8,1,707
1631199612,8,1,713
1631199802,6,2,720
1631199993,4,1,720
1631200182,4,1,719
1631200372,5,1,725
1631200562,5,1,731
1631200752,6,1,739
1631200942,6,1,749
1631201132,7,2,758
1631201322,6,3,760
1631201511,4,3,763
1631201703,5,2,764
1631201893,6,1,759
1631202082,5,1,754
1631202272,4,0,752
1631202462,5,0,764
1631202652,4,0,775
1631202843,4,0,776
1631203032,6,1,770
1631203222,6,1,779
1631203413,6,1,783
1631203603,4,1,791
1631203793,4,1,789
1631203983,4,1,792
1631204173,4,2,783
1631204363,4,2,783
1631204553,5,2,781
1631204743,5,2,782
1631204934,5,2,780
1631205126,5,3,778
1631205316,6,3,791
1631205505,7,3,775
1631205696,9,3,775
1631205885,9,3,768
1631206075,8,3,778
1631206265,10,3,783
1631206455,10,2,789
1631206645,10,1,795
1631206835,10,0,806
1631207026,9,2,812
1631207215,8,2,804
1631207406,8,1,810
1631207596,6,1,826
1631207786,5,1,821
1631207976,5,1,820
1631208166,2,1,817
1631208355,3,2,821
1631208545,3,2,823
1631208735,4,2,825
1631208925,3,2,833
1631209115,3,2,845
1631209305,3,2,842
1631209497,3,2,854
1631209689,3,2,855
1631209886,5,2,865
1631210076,7,3,878
1631210266,9,3,889
1631210456,10,3,885
1631210646,8,3,886
1631210836,7,1,900
1631211026,6,1,914
1631211216,7,0,912
1631211406,8,0,916
1631211596,6,0,935
1631211786,5,0,945
1631211976,3,0,942
1631212166,2,0,946
1631212356,3,0,938
1631212546,2,0,945
1631212736,2,0,936
1631212926,4,0,942
1631213116,4,0,938
1631213306,5,0,936
1631213496,4,0,927
1631213685,6,1,926
1631213877,6,1,925
1631214066,7,1,923
1631214256,9,1,920
1631214446,5,1,908
1631214636,6,1,917
1631214826,7,0,921
1631215016,7,1,916
1631215206,6,1,916
1631215396,5,1,902
1631215586,5,1,893
1631215776,8,1,893
1631215966,8,1,888
1631216156,8,0,875
1631216346,7,0,871
1631216536,8,0,849
1631216726,8,0,842
1631216916,6,0,836
1631217106,6,0,828
1631217296,7,0,808
1631217486,7,0,799
1631217675,7,0,794
1631217865,6,0,776
1631218056,6,0,770
1631218245,5,0,761
1631218436,4,0,760
1631218626,3,0,754
1631218816,4,0,745
1631219006,5,0,733
1631219196,4,0,718
1631219386,3,0,704
1631219575,2,0,676
1631219765,3,0,656
1631219955,2,0,656
1631220145,3,0,648
1631220336,3,0,635
1631220525,4,0,630
1631220715,6,1,631
1631220906,6,1,629
1631221095,6,1,609
1631221285,5,1,607
1631221476,6,1,594
1631221665,6,1,580
1631221855,6,1,569
1631222045,6,1,564
1631222235,4,1,549
1631222425,4,1,541
1631222616,5,1,534
1631222805,6,1,532
1631222995,5,1,531
1631223185,4,0,524
1631223375,4,0,526
1631223565,4,0,525
1631223755,4,0,516
1631223945,5,0,507
1631224135,5,0,501
1631224325,4,0,497
1631224515,2,0,503
1631224705,4,1,484
1631257309,0,0,304
1631257499,2,1,309
1631257689,2,1,311
1631257879,2,1,317
1631258069,3,1,322
1631258259,4,1,328
1631258449,4,1,328
1631258639,3,0,328
1631258829,3,0,331
1631259018,4,0,338
1631259208,5,0,344
1631259398,5,0,349
1631259588,5,1,350
1631259778,5,1,347
1631259968,3,1,345
1631260157,2,1,349
1631260347,2,0,346
1631260537,3,0,357
1631260727,3,0,361
1631260916,6,1,368
1631261106,6,2,370
1631261296,6,2,365
1631261486,5,2,374
1631261676,4,2,369
1631261866,4,1,375
1631262056,3,1,378
1631262245,2,1,373
1631262435,1,1,387
1631262625,2,1,388
1631262815,2,1,386
1631263005,4,3,389
1631263195,6,4,381
1631263385,4,2,387
1631263575,4,2,386
1631263765,4,1,387
1631263955,3,1,391
1631264145,4,1,396
1631264335,3,1,403
1631264524,2,1,400
1631264714,4,2,396
1631264904,3,2,407
1631265094,4,2,414
1631265284,5,2,420
1631265474,6,1,432
1631265664,7,1,437
1631265853,8,1,436
1631266043,9,1,443
1631266233,7,1,452
1631266423,7,1,454
1631266613,6,1,450
1631266803,5,1,451
1631266993,5,1,466
1631267182,5,1,462
1631267372,4,0,474
1631267562,2,0,479
1631267752,4,0,490
1631267942,4,0,496
1631268132,4,0,500
1631268322,4,0,509
1631268512,4,0,512
1631268702,4,0,522
1631268891,4,0,523
1631269082,4,0,533
1631269272,3,0,536
1631269462,3,0,540
1631269652,3,0,540
1631269841,2,0,546
1631270032,1,0,554
1631270223,4,0,565
1631270412,6,0,560
1631270602,5,0,566
1631270792,5,0,572
1631270982,4,0,574
1631271172,4,0,579
1631271362,6,0,580
1631271552,8,0,589
1631271742,8,0,584
1631271932,7,0,583
1631272122,4,0,590
1631272312,6,0,583
1631272502,4,0,603
1631272692,3,0,610
1631272882,5,0,609
1631273072,4,0,617
1631273262,2,0,627
1631273452,1,0,626
1631273643,2,0,628
1631273833,1,0,623
1631274023,1,0,621
1631274213,1,0,613
1631274402,2,0,632
1631274592,3,0,631
1631274782,3,0,635
1631274972,4,0,645
1631275162,3,0,662
1631275352,3,0,667
1631275541,5,1,669
1631275731,9,3,677
1631275922,9,3,678
1631276112,9,3,688
1631276301,9,3,692
1631276492,10,3,695
1631276681,8,3,693
1631276871,7,3,687
1631277062,8,3,689
1631277252,8,1,688
1631277442,7,1,684
1631277632,6,0,688
1631277822,9,0,689
1631278011,9,0,686
1631278202,8,0,695
1631278392,8,0,699
1631278582,7,0,713
1631278772,7,0,724
1631278962,6,0,731
1631279151,5,0,736
1631279342,3,0,726
1631279532,2,0,727
1631279722,2,0,729
1631279912,2,0,738
1631280102,2,0,751
1631280291,2,0,752
1631280482,1,1,753
1631280672,2,1,748
1631280861,2,1,752
1631281051,4,1,765
1631281241,4,1,758
1631281431,7,1,764
1631281622,9,1,765
1631281812,12,2,782
1631282002,11,2,782
1631282192,13,2,788
1631282382,14,2,788
1631282572,15,2,798
1631282762,16,1,796
1631282952,18,1,791
1631283142,16,2,790
1631283332,13,2,775
1631283522,9,2,761
1631283712,10,2,761
1631283902,6,1,768
1631284092,11,3,774
1631284282,10,3,776
1631284472,9,3,774
1631284662,10,3,766
1631284851,9,4,757
1631285041,10,4,752
1631285231,12,4,753
1631285421,9,4,752
1631285612,8,4,739
1631285802,8,4,744
1631285991,9,4,754
1631286183,11,4,746
1631286373,13,5,753
1631286563,12,4,759
1631286753,11,5,756
1631286943,13,6,753
1631287133,12,6,760
1631287323,12,5,752
1631287513,11,4,752
1631287702,11,5,763
1631287892,9,4,757
1631288082,8,3,769
1631288272,9,2,761
1631288463,11,2,766
1631288652,10,2,757
1631288842,12,2,749
1631289032,11,2,767
1631289222,12,2,765
1631289412,13,2,773
1631289603,14,2,777
1631289793,13,2,784
1631289983,12,2,788
1631290172,10,2,792
1631290362,10,2,798
1631290552,8,2,802
1631290743,10,3,803
1631290933,9,2,813
1631291123,8,1,812
1631291312,10,2,810
1631291502,8,1,813
1631291692,8,1,816
1631291882,9,1,816
1631292072,10,1,819
1631292262,8,2,821
1631292452,8,3,819
1631292642,6,3,807
1631292832,7,3,815
1631293023,8,3,817
1631293213,10,4,827
1631293403,10,4,812
1631293593,9,5,822
1631293782,11,6,825
1631293972,10,6,829
1631294162,11,6,842
1631294353,10,7,848
1631294543,11,9,858
1631294733,9,7,864
1631294923,14,11,867
1631295113,14,8,867
1631295303,15,8,877
1631295493,18,9,893
1631295683,19,11,908
1631295873,20,13,919
1631296063,21,14,921
1631296253,20,13,925
1631296443,21,13,920
1631296632,21,12,918
1631296822,19,12,932
1631297012,20,12,927
1631297202,18,11,947
1631297392,18,10,959
1631297582,23,12,969
1631297772,24,12,976
1631297963,26,12,986
1631298153,24,11,995
1631298343,26,12,993
1631298533,27,13,986
1631298723,31,12,984
1631298912,32,13,1001
1631299102,31,12,1006
1631299292,31,13,1013
1631299482,28,13,1022
1631299672,30,13,1020
1631299863,31,14,1016
1631300053,29,13,1024
1631300243,33,14,1025
1631300432,32,14,1020
1631300622,33,13,1030
1631300812,32,12,1022
1631301003,32,10,1030
1631301192,32,11,1037
1631301382,33,10,1038
1631301572,33,12,1032
1631301762,34,11,1039
1631301952,32,11,1039
1631302142,36,10,1032
1631302333,33,9,1028
1631302522,32,9,1015
1631302712,32,9,1013
1631302902,32,10,1028
1631303092,29,11,1026
1631303283,30,12,1020
1631303473,29,11,1012
1631303663,25,9,1020
1631303853,25,8,1016
1631304043,25,7,1006
1631304233,25,7,997
1631304423,25,7,985
1631304613,23,8,976
1631304803,22,7,963
1631304993,20,7,951
1631305182,20,6,953
1631305372,24,8,953
1631305563,26,8,936
1631305753,26,6,921
1631305943,24,5,911
1631306133,23,6,898
1631306323,23,6,881
1631306513,23,6,870
1631306704,25,7,841
1631306895,23,6,825
1631307085,21,4,822
1631307275,22,4,821
1631307465,22,4,806
1631307655,17,2,792
1631307844,15,0,788
1631308034,14,0,778
1631308224,12,0,755
1631308416,10,0,762
1631308606,10,0,747
1631308795,7,0,735
1631308985,6,0,730
1631309175,5,0,724
1631309365,4,0,719
1631309556,3,0,721
1631309746,3,0,728
1631309936,4,0,715
1631310126,4,0,716
1631310315,3,0,714
1631310506,3,0,717
1631310696,2,0,712
1631310886,0,0,714
1631311076,0,0,712
1631343679,5,0,448
1631343869,5,0,446
1631344058,6,0,447
1631344248,4,0,445
1631344438,3,0,456
1631344628,1,0,459
1631344818,1,0,459
1631345007,1,0,462
1631345198,0,0,464
1631345387,0,0,463
1631345577,0,0,466
1631345767,0,0,470
1631345957,0,0,477
1631346147,0,0,479
1631346337,1,0,482
1631346527,2,0,480
1631346717,2,0,493
1631346907,3,0,490
1631347096,3,0,501
1631347286,3,0,500
1631347476,3,0,502
1631347666,4,1,516
1631347856,3,1,524
1631348045,3,1,532
1631348235,2,1,531
1631348425,3,2,548
1631348616,4,2,548
1631348805,5,2,557
1631348995,7,2,569
1631349185,7,2,581
1631349375,8,2,581
1631349565,8,1,577
1631349755,9,1,588
1631349944,9,1,601
1631350134,9,2,605
1631350324,10,2,607
1631350514,9,2,624
1631350704,10,1,640
1631350894,9,1,646
1631351084,10,1,657
1631351273,9,2,648
1631351463,9,3,654
1631351653,7,2,660
1631351843,7,2,667
1631352033,5,1,672
1631352223,6,2,675
1631352413,4,2,685
1631352603,5,2,699
1631352793,6,1,698
1631352983,6,1,711
1631353172,4,1,729
1631353362,6,1,737
1631353552,6,1,744
1631353742,6,2,741
1631353932,5,2,748
1631354122,6,3,757
1631354311,5,3,753
1631354501,7,4,762
1631354691,6,3,766
1631354882,5,2,773
1631355072,6,2,776
1631355262,6,2,777
1631355452,8,3,790
1631355642,8,3,792
1631355832,8,3,797
1631356023,9,3,789
1631356213,8,3,792
1631356402,8,2,795
1631356592,8,2,799
1631356782,7,2,794
1631356972,9,1,793
1631357163,7,1,793
1631357352,7,0,793
1631357542,5,0,800
1631357732,3,0,801
1631357922,4,0,810
1631358112,4,1,826
1631358303,5,1,834
1631358493,3,1,840
1631358683,5,2,856
1631358872,6,2,855
1631359062,8,2,865
1631359252,11,2,865
1631359443,8,1,868
1631359632,6,0,878
1631359822,6,0,886
1631360012,6,1,893
1631360202,8,1,894
1631360392,7,1,896
1631360583,8,1,909
1631360772,8,1,922
1631360963,9,1,922
1631361153,7,1,935
1631361342,7,1,943
1631361532,7,1,953
1631361723,9,1,963
1631361913,10,1,968
1631362102,12,2,994
1631362292,14,3,995
1631362482,14,2,999
1631362672,13,3,994
1631362863,13,3,995
1631363053,11,2,1001
1631363242,8,2,1011
1631363432,7,2,1019
1631363622,6,2,1019
1631363812,7,2,1021
1631364002,9,2,1033
1631364192,9,3,1051
1631364382,9,3,1061
1631364572,9,3,1073
1631364762,10,3,1080
1631364952,11,3,1087
1631365142,11,3,1097
1631365332,11,3,1096
1631365522,12,2,1095
1631365712,12,1,1098
1631365902,13,1,1104
1631366092,11,0,1118
1631366283,9,0,1120
1631366472,9,0,1124
1631366662,9,1,1129
1631366852,6,1,1144
1631367042,5,1,1147
1631367232,6,2,1152
1631367423,6,2,1157
1631367612,6,3,1156
1631367802,6,3,1145
1631367992,6,3,1155
1631368182,6,3,1149
1631368372,6,3,1151
1631368563,4,2,1153
1631368752,6,2,1151
1631368942,5,1,1153
1631369132,5,1,1140
1631369322,5,1,1154
1631369512,4,1,1152
1631369703,6,1,1154
1631369893,6,1,1150
1631370082,6,1,1161
1631370272,5,1,1174
1631370462,4,1,1162
1631370652,3,1,1156
1631370842,4,1,1145
1631371032,6,1,1149
1631371222,8,2,1151
1631371412,8,2,1146
1631371602,10,2,1136
1631371792,7,2,1131
1631371983,7,2,1148
1631372173,8,0,1156
1631372363,8,2,1167
1631372553,10,3,1158
1631372743,10,3,1138
1631372933,10,4,1138
1631373123,11,5,1145
1631373313,12,5,1147
1631373503,13,5,1143
1631373693,11,5,1140
1631373883,10,4,1137
1631374073,11,4,1143
1631374263,11,4,1152
1631374453,10,3,1154
1631374643,10,4,1152
1631374833,10,3,1140
1631375023,8,1,1129
1631375213,9,1,1119
1631375403,8,1,1118
1631375593,10,1,1127
1631375783,11,1,1111
1631375973,10,1,1117
1631376163,11,1,1101
1631376352,11,0,1101
1631376542,12,0,1088
1631376732,11,0,1078
1631376922,10,1,1088
1631377112,6,0,1080
1631377302,5,0,1091
1631377492,6,1,1085
1631377683,6,1,1086
1631377872,8,1,1074
1631378062,10,1,1073
1631378252,10,2,1076
1631378442,9,2,1084
1631378632,11,3,1082
1631378822,10,3,1061
1631379012,11,3,1059
1631379202,10,2,1064
1631379392,9,0,1074
1631379582,6,0,1077
1631379772,4,0,1081
1631379962,3,0,1091
1631380152,5,0,1097
1631380342,5,0,1097
1631380532,7,1,1098
1631380722,8,1,1102
1631380912,9,2,1106
1631381103,10,2,1098
1631381293,12,3,1096
1631381483,7,1,1094
1631381673,5,0,1104
1631381862,4,0,1103
1631382052,5,1,1109
1631382244,3,0,1117
1631382434,4,0,1129
1631382623,5,0,1146
1631382813,7,1,1149
1631383002,7,1,1171
1631383192,7,1,1180
1631383382,7,1,1174
1631383572,8,2,1175
1631383761,4,2,1168
1631383951,4,2,1179
1631384140,7,2,1177
1631384330,9,2,1175
1631384520,10,2,1179
1631384709,10,2,1172
1631384899,6,2,1172
1631385088,6,1,1164
1631385278,6,1,1160
1631385468,6,0,1159
1631385657,5,0,1161
1631385847,4,0,1151
1631386036,4,0,1158
1631386226,5,0,1152
1631386416,3,0,1144
1631386606,2,0,1143
1631386796,4,0,1150
1631386986,4,0,1129
1631387176,4,0,1134
1631387366,4,0,1147
1631387557,3,0,1139
1631387747,3,0,1125
1631387937,4,0,1122
1631388127,3,0,1114
1631388317,3,0,1109
1631388507,5,1,1093
1631388698,5,1,1091
1631388888,5,1,1100
1631389078,6,1,1098
1631389268,4,1,1098
1631389458,5,1,1099
1631389648,6,1,1096
1631389838,6,1,1094
1631390028,7,1,1104
1631390218,8,1,1099
1631390408,6,1,1083
1631390598,7,1,1078
1631390788,8,2,1075
1631390978,6,1,1080
1631391168,6,1,1079
1631391358,6,1,1072
1631391548,5,1,1062
1631391738,4,0,1063
1631391928,4,0,1056
